Fold result: 
Correct: 715
Total: 1121
Accuracy: 0.637823371989

Fold result: 
Correct: 728
Total: 1118
Accuracy: 0.651162790698

Fold result: 
Correct: 738
Total: 1116
Accuracy: 0.661290322581

Fold result: 
Correct: 721
Total: 1116
Accuracy: 0.64605734767

Average: 0.649083458234