Fold result: 
Correct: 727
Total: 1121
Accuracy: 0.648528099911

Fold result: 
Correct: 761
Total: 1118
Accuracy: 0.680679785331

Fold result: 
Correct: 744
Total: 1116
Accuracy: 0.666666666667

Fold result: 
Correct: 725
Total: 1116
Accuracy: 0.649641577061

Average: 0.661379032242