Fold result: 
Correct: 740
Total: 1121
Accuracy: 0.660124888492

Fold result: 
Correct: 767
Total: 1118
Accuracy: 0.686046511628

Fold result: 
Correct: 777
Total: 1116
Accuracy: 0.69623655914

Fold result: 
Correct: 731
Total: 1116
Accuracy: 0.655017921147

Average: 0.674356470102