Fold result: 
Correct: 738
Total: 1121
Accuracy: 0.658340767172

Fold result: 
Correct: 773
Total: 1118
Accuracy: 0.691413237925

Fold result: 
Correct: 772
Total: 1116
Accuracy: 0.691756272401

Fold result: 
Correct: 732
Total: 1116
Accuracy: 0.655913978495

Average: 0.674356063998