Fold result: 
Correct: 721
Total: 1121
Accuracy: 0.64317573595

Fold result: 
Correct: 764
Total: 1118
Accuracy: 0.683363148479

Fold result: 
Correct: 760
Total: 1116
Accuracy: 0.681003584229

Fold result: 
Correct: 720
Total: 1116
Accuracy: 0.645161290323

Average: 0.663175939745