Fold result: 
Correct: 718
Total: 1121
Accuracy: 0.64049955397

Fold result: 
Correct: 758
Total: 1118
Accuracy: 0.677996422182

Fold result: 
Correct: 746
Total: 1116
Accuracy: 0.668458781362

Fold result: 
Correct: 718
Total: 1116
Accuracy: 0.643369175627

Average: 0.657580983285