Fold result: 
Correct: 744
Total: 1121
Accuracy: 0.663693131133

Fold result: 
Correct: 761
Total: 1118
Accuracy: 0.680679785331

Fold result: 
Correct: 760
Total: 1116
Accuracy: 0.681003584229

Fold result: 
Correct: 768
Total: 1116
Accuracy: 0.688172043011

Average: 0.678387135926