Fold result: 
Correct: 745
Total: 1121
Accuracy: 0.664585191793

Fold result: 
Correct: 785
Total: 1118
Accuracy: 0.702146690519

Fold result: 
Correct: 770
Total: 1116
Accuracy: 0.689964157706

Fold result: 
Correct: 725
Total: 1116
Accuracy: 0.649641577061

Average: 0.67658440427