Fold result: 
Correct: 757
Total: 1121
Accuracy: 0.675289919715

Fold result: 
Correct: 765
Total: 1118
Accuracy: 0.684257602862

Fold result: 
Correct: 773
Total: 1116
Accuracy: 0.692652329749

Fold result: 
Correct: 735
Total: 1116
Accuracy: 0.658602150538

Average: 0.677700500716