Fold result: 
Correct: 726
Total: 1121
Accuracy: 0.647636039251

Fold result: 
Correct: 773
Total: 1118
Accuracy: 0.691413237925

Fold result: 
Correct: 735
Total: 1116
Accuracy: 0.658602150538

Fold result: 
Correct: 744
Total: 1116
Accuracy: 0.666666666667

Average: 0.666079523595