Fold result: 
Correct: 728
Total: 1121
Accuracy: 0.649420160571

Fold result: 
Correct: 766
Total: 1118
Accuracy: 0.685152057245

Fold result: 
Correct: 736
Total: 1116
Accuracy: 0.659498207885

Fold result: 
Correct: 730
Total: 1116
Accuracy: 0.654121863799

Average: 0.662048072375