Fold result: 
Correct: 746
Total: 1121
Accuracy: 0.665477252453

Fold result: 
Correct: 771
Total: 1118
Accuracy: 0.689624329159

Fold result: 
Correct: 770
Total: 1116
Accuracy: 0.689964157706

Fold result: 
Correct: 727
Total: 1116
Accuracy: 0.651433691756

Average: 0.674124857769