Fold result: 
Correct: 716
Total: 1121
Accuracy: 0.638715432649

Fold result: 
Correct: 762
Total: 1118
Accuracy: 0.681574239714

Fold result: 
Correct: 759
Total: 1116
Accuracy: 0.680107526882

Fold result: 
Correct: 722
Total: 1116
Accuracy: 0.646953405018

Average: 0.661837651066