Fold result: 
Correct: 745
Total: 1121
Accuracy: 0.664585191793

Fold result: 
Correct: 776
Total: 1118
Accuracy: 0.694096601073

Fold result: 
Correct: 759
Total: 1116
Accuracy: 0.680107526882

Fold result: 
Correct: 725
Total: 1116
Accuracy: 0.649641577061

Average: 0.672107724202