Fold result: 
Correct: 728
Total: 1121
Accuracy: 0.649420160571

Fold result: 
Correct: 757
Total: 1118
Accuracy: 0.6771019678

Fold result: 
Correct: 737
Total: 1116
Accuracy: 0.660394265233

Fold result: 
Correct: 728
Total: 1116
Accuracy: 0.652329749104

Average: 0.659811535677