Fold result: 
Correct: 732
Total: 1121
Accuracy: 0.652988403211

Fold result: 
Correct: 758
Total: 1118
Accuracy: 0.677996422182

Fold result: 
Correct: 765
Total: 1116
Accuracy: 0.685483870968

Fold result: 
Correct: 763
Total: 1116
Accuracy: 0.683691756272

Average: 0.675040113159