Fold result: 
Correct: 711
Total: 1121
Accuracy: 0.634255129349

Fold result: 
Correct: 747
Total: 1118
Accuracy: 0.668157423971

Fold result: 
Correct: 747
Total: 1116
Accuracy: 0.66935483871

Fold result: 
Correct: 709
Total: 1116
Accuracy: 0.635304659498

Average: 0.651768012882