Fold result: 
Correct: 738
Total: 1121
Accuracy: 0.658340767172

Fold result: 
Correct: 745
Total: 1118
Accuracy: 0.666368515206

Fold result: 
Correct: 738
Total: 1116
Accuracy: 0.661290322581

Fold result: 
Correct: 763
Total: 1116
Accuracy: 0.683691756272

Average: 0.667422840308