Fold result: 
Correct: 506
Total: 1121
Accuracy: 0.451382694023

Fold result: 
Correct: 496
Total: 1118
Accuracy: 0.443649373882

Fold result: 
Correct: 536
Total: 1116
Accuracy: 0.480286738351

Fold result: 
Correct: 508
Total: 1116
Accuracy: 0.455197132616

Average: 0.457628984718