Fold result: 
Correct: 740
Total: 1121
Accuracy: 0.660124888492

Fold result: 
Correct: 757
Total: 1118
Accuracy: 0.6771019678

Fold result: 
Correct: 753
Total: 1116
Accuracy: 0.674731182796

Fold result: 
Correct: 763
Total: 1116
Accuracy: 0.683691756272

Average: 0.67391244884