Fold result: 
Correct: 723
Total: 1121
Accuracy: 0.64495985727

Fold result: 
Correct: 739
Total: 1118
Accuracy: 0.661001788909

Fold result: 
Correct: 740
Total: 1116
Accuracy: 0.663082437276

Fold result: 
Correct: 741
Total: 1116
Accuracy: 0.663978494624

Average: 0.65825564452