Fold result: 
Correct: 569
Total: 1617
Accuracy: 0.351886209029

Fold result: 
Correct: 538
Total: 1612
Accuracy: 0.333746898263

Fold result: 
Correct: 530
Total: 1609
Accuracy: 0.329397141081

Fold result: 
Correct: 564
Total: 1609
Accuracy: 0.350528278434

Average: 0.341389631702