Fold result: 
Correct: 724
Total: 1121
Accuracy: 0.64585191793

Fold result: 
Correct: 762
Total: 1118
Accuracy: 0.681574239714

Fold result: 
Correct: 757
Total: 1116
Accuracy: 0.678315412186

Fold result: 
Correct: 737
Total: 1116
Accuracy: 0.660394265233

Average: 0.666533958766