Fold result: 
Correct: 728
Total: 1121
Accuracy: 0.649420160571

Fold result: 
Correct: 756
Total: 1118
Accuracy: 0.676207513417

Fold result: 
Correct: 753
Total: 1116
Accuracy: 0.674731182796

Fold result: 
Correct: 714
Total: 1116
Accuracy: 0.639784946237

Average: 0.660035950755