Fold result: 
Correct: 697
Total: 1121
Accuracy: 0.621766280107

Fold result: 
Correct: 704
Total: 1118
Accuracy: 0.62969588551

Fold result: 
Correct: 732
Total: 1116
Accuracy: 0.655913978495

Fold result: 
Correct: 728
Total: 1116
Accuracy: 0.652329749104

Average: 0.639926473304