Fold result: 
Correct: 729
Total: 1121
Accuracy: 0.650312221231

Fold result: 
Correct: 774
Total: 1118
Accuracy: 0.692307692308

Fold result: 
Correct: 755
Total: 1116
Accuracy: 0.676523297491

Fold result: 
Correct: 745
Total: 1116
Accuracy: 0.667562724014

Average: 0.671676483761