Fold result: 
Correct: 738
Total: 1121
Accuracy: 0.658340767172

Fold result: 
Correct: 740
Total: 1118
Accuracy: 0.661896243292

Fold result: 
Correct: 777
Total: 1116
Accuracy: 0.69623655914

Fold result: 
Correct: 749
Total: 1116
Accuracy: 0.671146953405

Average: 0.671905130752