Fold result: 
Correct: 753
Total: 1121
Accuracy: 0.671721677074

Fold result: 
Correct: 760
Total: 1118
Accuracy: 0.679785330948

Fold result: 
Correct: 779
Total: 1116
Accuracy: 0.698028673835

Fold result: 
Correct: 739
Total: 1116
Accuracy: 0.662186379928

Average: 0.677930515446