Fold result: 
Correct: 736
Total: 1121
Accuracy: 0.656556645852

Fold result: 
Correct: 744
Total: 1118
Accuracy: 0.665474060823

Fold result: 
Correct: 755
Total: 1116
Accuracy: 0.676523297491

Fold result: 
Correct: 712
Total: 1116
Accuracy: 0.637992831541

Average: 0.659136708927