Fold result: 
Correct: 722
Total: 1121
Accuracy: 0.64406779661

Fold result: 
Correct: 746
Total: 1118
Accuracy: 0.667262969589

Fold result: 
Correct: 764
Total: 1116
Accuracy: 0.68458781362

Fold result: 
Correct: 727
Total: 1116
Accuracy: 0.651433691756

Average: 0.661838067894