Fold result: 
Correct: 716
Total: 1121
Accuracy: 0.638715432649

Fold result: 
Correct: 753
Total: 1118
Accuracy: 0.673524150268

Fold result: 
Correct: 767
Total: 1116
Accuracy: 0.687275985663

Fold result: 
Correct: 719
Total: 1116
Accuracy: 0.644265232975

Average: 0.660945200389