Fold result: 
Correct: 723
Total: 1121
Accuracy: 0.64495985727

Fold result: 
Correct: 760
Total: 1118
Accuracy: 0.679785330948

Fold result: 
Correct: 766
Total: 1116
Accuracy: 0.686379928315

Fold result: 
Correct: 728
Total: 1116
Accuracy: 0.652329749104

Average: 0.665863716409