Fold result: 
Correct: 730
Total: 1121
Accuracy: 0.651204281891

Fold result: 
Correct: 760
Total: 1118
Accuracy: 0.679785330948

Fold result: 
Correct: 746
Total: 1116
Accuracy: 0.668458781362

Fold result: 
Correct: 715
Total: 1116
Accuracy: 0.640681003584

Average: 0.660032349446