Fold result: 
Correct: 735
Total: 1121
Accuracy: 0.655664585192

Fold result: 
Correct: 759
Total: 1118
Accuracy: 0.678890876565

Fold result: 
Correct: 763
Total: 1116
Accuracy: 0.683691756272

Fold result: 
Correct: 745
Total: 1116
Accuracy: 0.667562724014

Average: 0.671452485511