Fold result: 
Correct: 739
Total: 1121
Accuracy: 0.659232827832

Fold result: 
Correct: 775
Total: 1118
Accuracy: 0.693202146691

Fold result: 
Correct: 782
Total: 1116
Accuracy: 0.700716845878

Fold result: 
Correct: 737
Total: 1116
Accuracy: 0.660394265233

Average: 0.678386521408