Fold result: 
Correct: 754
Total: 1121
Accuracy: 0.672613737734

Fold result: 
Correct: 772
Total: 1118
Accuracy: 0.690518783542

Fold result: 
Correct: 770
Total: 1116
Accuracy: 0.689964157706

Fold result: 
Correct: 739
Total: 1116
Accuracy: 0.662186379928

Average: 0.678820764728