Fold result: 
Correct: 739
Total: 1121
Accuracy: 0.659232827832

Fold result: 
Correct: 757
Total: 1118
Accuracy: 0.6771019678

Fold result: 
Correct: 776
Total: 1116
Accuracy: 0.695340501792

Fold result: 
Correct: 738
Total: 1116
Accuracy: 0.661290322581

Average: 0.673241405001