Fold result: 
Correct: 728
Total: 1121
Accuracy: 0.649420160571

Fold result: 
Correct: 765
Total: 1118
Accuracy: 0.684257602862

Fold result: 
Correct: 737
Total: 1116
Accuracy: 0.660394265233

Fold result: 
Correct: 719
Total: 1116
Accuracy: 0.644265232975

Average: 0.65958431541