Fold result: 
Correct: 744
Total: 1121
Accuracy: 0.663693131133

Fold result: 
Correct: 752
Total: 1118
Accuracy: 0.672629695886

Fold result: 
Correct: 773
Total: 1116
Accuracy: 0.692652329749

Fold result: 
Correct: 741
Total: 1116
Accuracy: 0.663978494624

Average: 0.673238412848