Fold result: 
Correct: 489
Total: 1121
Accuracy: 0.436217662801

Fold result: 
Correct: 471
Total: 1118
Accuracy: 0.421288014311

Fold result: 
Correct: 465
Total: 1116
Accuracy: 0.416666666667

Fold result: 
Correct: 476
Total: 1116
Accuracy: 0.426523297491

Average: 0.425173910318