Fold result: 
Correct: 739
Total: 1121
Accuracy: 0.659232827832

Fold result: 
Correct: 770
Total: 1118
Accuracy: 0.688729874776

Fold result: 
Correct: 780
Total: 1116
Accuracy: 0.698924731183

Fold result: 
Correct: 747
Total: 1116
Accuracy: 0.66935483871

Average: 0.679060568125