Fold result: 
Correct: 727
Total: 1121
Accuracy: 0.648528099911

Fold result: 
Correct: 762
Total: 1118
Accuracy: 0.681574239714

Fold result: 
Correct: 739
Total: 1116
Accuracy: 0.662186379928

Fold result: 
Correct: 732
Total: 1116
Accuracy: 0.655913978495

Average: 0.662050674512