Fold result: 
Correct: 725
Total: 1121
Accuracy: 0.646743978591

Fold result: 
Correct: 751
Total: 1118
Accuracy: 0.671735241503

Fold result: 
Correct: 759
Total: 1116
Accuracy: 0.680107526882

Fold result: 
Correct: 726
Total: 1116
Accuracy: 0.650537634409

Average: 0.662281095346